0.44585835031201926 0.11855099667585933 0.2884460496302881 -1
0.7975553362606792 0.4674564967175916 0.06014127158534743 1
0.22915307490411108 0.2437736706973378 0.2894007328501167 -1
0.46591713039115545 0.4354292535765031 0.7436166462476489 -1
0.16873101198343354 0.5883860015104633 0.5570483506333501 -1
0.6422710834212761 0.25791090836123887 0.12577635428173206 1
0.5364159968295915 0.21282188423341142 0.5947332817624875 -1
0.5595200440908847 0.6339891440731276 0.9986722621610635 -1
0.1530654518900979 0.25992122402025086 0.3598064709098199 -1
0.3620491084491091 0.45361646890586804 0.4061843374000388 -1
0.3204985516044607 0.6805970355762979 0.5630737037116057 -1
0.811635587801856 0.013350984340679384 0.35028475549165794 -1
0.015058230548035678 0.24397102151235117 0.95564438518858 -1
0.6809233752581363 0.30854862534438676 0.5718336579285417 -1
0.574772542835043 0.02603855432836988 0.7950581005401455 -1
0.23059145069872056 0.6521122338673644 0.2246709107077589 -1
0.22948822961881465 0.9580335546796079 0.9304773604614905 -1
0.7261890982187688 0.04051419499714182 0.5941399217904614 -1
0.2949418036231539 0.4471079312697849 0.569987387262432 -1
0.4669129998344468 0.2767529007811106 0.979236032545925 -1
0.2613206164368953 0.0885208991757862 0.277299383607154 -1
0.9537943982145106 0.47960460493159784 0.5364184915206387 1
0.6607959836655181 0.02887181130798655 0.909420790332904 -1
0.3920836836505872 0.5890299845246937 0.4465620532630761 -1
0.9541051648122203 0.47935610954432273 0.954580652720896 -1
0.8255718034387253 0.7252667646945012 0.6856390100093471 -1
0.10377855323927887 0.9280164846927854 0.0948801491527369 1
0.07763496788788815 0.5460350221986234 0.37976992251317343 -1
0.9463258992669085 0.40615881368824536 0.16516783722108452 1
0.4179679804897989 0.421910307100127 0.9652751187927634 -1
0.8342682031472405 0.42388547591282977 0.8300259275377073 -1
0.3804070910259968 0.48021666929558715 0.6452066603489104 -1
0.09990177814269507 0.7362518284112249 0.9781004496358982 -1
0.8952563850899191 0.11270639098008661 0.05189087745388565 1
0.7540880991988904 0.2601889419849073 0.9892364809341297 -1
0.07687299705076445 0.3799783261004377 0.4867611133015336 -1
0.5070599130967177 0.9090700759063877 0.22790787425381576 1
0.666332391885938 0.3521179335174873 0.624949254537133 -1
0.5610236391465188 0.026027575505540135 0.4275042707614056 -1
0.15065067613705074 0.8554949714692198 0.24068562811787286 -1
0.22763962512777336 0.8229516641554434 0.7832719020866346 -1
0.35264423850161986 0.45306501487484496 0.7007593143235399 -1
0.209193945846467 0.2735153401619226 0.006508995693602526 -1
0.7215815716502706 0.3414174801016099 0.5468674986666257 -1
0.9797238855697888 0.8325559726523614 0.5970923432158178 1
0.48887542584023047 0.48856541551564925 0.030927426007212655 1
0.835981732566954 0.6386250418940912 0.23457945192136898 1
0.7679536327340459 0.8515111215312627 0.5683232323791765 1
0.5002483337862161 0.1828336000528218 0.10918207807433411 1
0.7682877077282876 0.44388891093034355 0.9017126659960387 -1
0.16110232568759475 0.19832989421333402 0.45901848589755867 -1
0.7427007725491049 0.8664682974257585 0.0639811771379879 1
0.8728104489714233 0.8134826969155771 0.19381628913023008 1
0.9295838258172029 0.9758434817943484 0.04629073451803789 1
0.6275691411827535 0.8427466002730716 0.08954450075591758 1
0.8811325795510975 0.13694407587471158 0.2529135179903045 1
0.15396087003191783 0.2175293234875153 0.6830461645265191 -1
0.7517262658202165 0.5215860735595752 0.5473655125980955 -1
0.9115541046591505 0.340853760279907 0.42056136104099884 1
0.0549379190408511 0.8548038466257546 0.8400938494782527 -1
0.3792751779037139 0.3142649732098006 0.7829114428936204 -1
0.42939535752499125 0.03854418518041858 0.4892236077357961 -1
0.12760327191665954 0.7124100376773256 0.3524957120174702 -1
0.21240273479215377 0.8357068059697962 0.2340627625123528 -1
0.5501361968293197 0.029441139732402255 0.6869507148297942 -1
0.1170154068761281 0.30041200127200784 0.7935962862446495 -1
0.2990822930457274 0.5956375014976788 0.8319941374638268 -1
0.1398407206426231 0.031465367651748566 0.4123112862922991 -1
0.2817809991632052 0.2600664647662435 0.8870271534142561 -1
0.4245774356523846 0.48328519122335245 0.6095925849848811 -1
0.8733494171526714 0.6520172156599456 0.4995493927901158 1
0.9745311732118074 0.3982341088049721 0.5043596728059777 1
0.9044741663562114 0.426783849999406 0.8424889043916054 -1
0.7200491036423522 0.3588874054756651 0.7284162517242325 -1
0.1375736881674906 0.9917229457269684 0.33180055041447054 -1
0.08875651914833138 0.27550806190833166 0.516452819778767 -1
0.32896386315735227 0.9321754368279058 0.7562263935886182 -1
0.4242548599534658 0.9978717971701466 0.24043052534412968 1
0.7770411204456139 0.39806342456810406 0.15444853933857716 1
0.5134441542966722 0.8200243943852926 0.3328946788626188 1
0.6472813665371683 0.7843450801750008 0.2061294559345127 1
0.69945583464484 0.39163210846528573 0.12102119551869017 1
0.8167838461693577 0.6766274702937818 0.08173811621156468 1
0.3011454674775612 0.8504512668405101 0.6892941066216715 -1
0.9829874209434455 0.35893780062698144 0.8387282153501823 -1
0.30948994397078045 0.5715118725863051 0.5086401106190129 -1
0.9718545789347677 0.12519297524510276 0.6163508373790165 -1
0.41150978522202386 0.8810227792216041 0.08840075768857081 1
0.33124335190793286 0.2091541702047447 0.6760359941218715 -1
0.565487992212047 0.033398388139948554 0.8999826130494316 -1
0.16398333337941973 0.6734921162827563 0.5678238805430377 -1
0.4926234979637988 0.7779849104884271 0.8861394521982848 -1
0.9268804940809688 0.130750584150106 0.34652923566587523 1
0.1772930316832353 0.3382245293226833 0.023009721384182225 -1
0.038029544527843906 0.9313012138697705 0.7486585233485011 -1
0.6542805045442948 0.22902369833364522 0.7788174711759501 -1
0.27804793620087775 0.7140148934821514 0.23024856650529268 -1
0.7515887688716826 0.5395894727101221 0.03026581852379706 1
0.46872917070795217 0.7800018860652822 0.3451549972557507 1
0.9284282728607121 0.39058701710293464 0.45941915223063035 1
